

a = [ 1   2;
      3   4;
      5   6 ]


b = [ 1   2   3;
      4   5   6 ]

c = [
 0.1 0.2 0.3 
 0.4 0.5 0.6 
 0.7 0.8 0.9
]

a*b  + c
   
  

